start_x: -1.660493522947888e-07
start_y: -7.72370338454499e-09
start_yaw: -3.067218080964099e-06
